10/4
x<-8
x*3
